100
1 7
1
0 0
0 0
0 0
0 0
0 0
0 0
0 0
2 10
451089941 8611
0 1
0 1
0 0
0 1
1 1
0 0
0 1
0 1
0 1
0 1
9 9
5 582746892 419964652 94016 7 442114972 36613438 5 156707079
4 7
4 4
4 6
3 7
2 7
4 5
0 7
1 2
2 3
2 2
1 4
0 0
0 1
1 4
14217
0 0
0 0
0 0
0 0
10 10
70042 93130 62024 45989 915821255 4 945084999 606688771 3 631212468
1 6
4 6
1 3
8 9
6 7
4 4
9 9
2 9
1 2
2 4
8 7
7333 507380516 82507 10 16774 9 620375468 4
3 5
3 7
1 3
2 3
0 5
0 1
4 5
8 2
50641416 4 50267 681593066 718530126 214616635 7 19654
2 7
1 4
10 10
33350 773842657 847710329 794645463 911877812 45696 10 30734 4 19426496
2 3
1 3
5 5
0 5
2 4
2 2
0 5
8 9
6 7
0 9
7 8
6 5 10 60132 176117030 30899 504078797
6 6
3 5
0 0
5 6
2 3
2 3
1 6
1 3
3 8
77191 4 3
0 1
1 2
1 2
0 0
0 0
0 2
0 1
2 2
3 5
470837391 329038705 49628
0 1
1 2
0 2
0 1
1 2
10 10
642107453 2 42605 1 42469 768810958 102484061 6 17457 49639
0 6
0 8
9 9
2 2
3 9
5 7
3 9
1 8
0 6
6 8
10 10
528792061 110484301 53711 930635457 69995673 5 176437783 12838 600330968 424452708
0 5
2 8
7 7
0 1
0 7
4 7
5 5
7 7
0 4
5 8
3 6
576568340 23630 830695734
2 2
2 2
1 2
0 2
0 1
2 2
3 2
8 568468806 78401
2 2
0 2
5 6
59996109 14955 556552631 43932978 94130
3 4
1 2
0 0
2 2
0 4
4 4
10 10
48601752 10 85876 90216 35998 9 59150 41383 1 509965054
5 7
0 7
0 9
8 9
4 6
6 7
2 7
2 4
8 9
2 6
3 5
72314 3 20798
1 2
1 1
0 2
1 1
1 2
3 1
5 9 16321
0 1
10 10
99815 3 817208759 100628922 4 705940369 945619470 52277 853735064 1213
1 3
2 8
1 2
3 9
4 7
4 9
0 2
6 8
6 8
0 7
10 10
4 574994723 7 7040 8 4 44100 431128220 3 1
1 2
6 7
8 9
2 5
0 4
1 6
7 7
4 9
9 9
0 3
6 5
5549 316672992 87238 7 32572 2
4 4
1 5
0 0
1 3
1 4
9 1
3 4 37366339 8 66104 94252 44013092 10 455055239
4 4
4 3
296194675 926504518 9 875388794
0 1
0 3
2 3
3 1
47402 109780823 1
1 1
10 10
56450 1 9 811440625 269631035 1 388742640 5 647966655 280441195
3 8
2 7
0 8
6 8
3 8
4 7
5 6
1 2
2 7
2 3
10 10
38446671 48107 392414761 7 55411 577592187 520137460 30567 3 677093772
1 3
7 8
4 6
5 8
0 6
5 5
0 5
4 8
5 9
0 8
8 2
10 717430458 9 663954827 661968889 526094244 981893459 38218
1 4
0 3
10 10
66431 198287931 3 8805 7 6127 70581 8 3 41954
3 7
0 8
3 4
0 6
0 7
1 2
2 4
3 7
3 3
4 9
5 5
4 745353542 12212 806224826 947853986
1 2
1 2
3 4
0 1
0 3
7 4
11830 771717175 88816 287422105 552245606 32862 811547300
2 6
4 5
2 5
0 2
10 3
3 564345870 90062 54129 509122652 8 788901892 53332 455300530 96927
0 0
0 1
1 9
10 1
3 269754327 10 3 72842 84891 5115 94710 689871665 391910608
0 8
10 10
21188 725501128 75831 2274 271489397 585396486 91928 6 7 959772119
2 9
2 6
7 9
1 7
2 3
1 3
5 9
1 6
1 3
7 7
10 7
1 662966405 5 153966075 985309634 429185500 10 358819463 3 69337960
6 6
1 7
3 4
6 8
0 0
1 4
5 7
3 7
48737 12313 2
2 2
0 0
0 1
0 0
1 1
1 2
0 1
5 7
532448767 572082485 447436847 681199043 8
4 4
0 1
2 3
0 1
1 1
0 1
4 4
8 4
10 598479336 49835 183670433 19949 13788 92656 10
3 5
4 6
3 5
0 2
8 6
9841 8 824805736 8 9415 7 5 4
4 5
0 0
1 1
1 6
6 6
0 2
10 10
98368 971699819 7 623230733 57061 5 64129 86724 3 41458
4 9
1 8
4 8
0 6
4 6
0 1
4 7
1 6
3 8
5 7
5 3
53659 511650417 98666 94604 813343847
0 0
3 3
1 1
8 9
31583 2 68752 5 550257634 31164 6 39634399
2 4
0 1
2 6
1 4
0 7
2 3
2 3
4 6
2 6
7 10
607739901 74183 54325 70999 116492622 8 43065
3 5
0 5
0 4
1 4
0 1
1 5
2 5
3 6
0 6
4 6
2 5
7 916814362
0 0
0 1
1 1
0 0
1 1
10 10
915435836 65367 48687748 9 4 9 48057 8271 360698569 97771
6 8
2 9
1 9
0 9
6 8
8 9
4 8
6 8
1 8
0 0
6 7
835832402 72551 55507 431945648 5 21875
2 3
1 3
3 5
0 5
1 5
1 5
3 4
10 2
322788942 29373 65454 7 87403 10 696126601 646359905 98173 11867
3 5
0 4
10 5
4 74537 31322 44136 4 4 733356333 24122020 89474 8
0 8
1 2
0 4
0 8
4 6
10 6
20840 17903 49264 254018300 50382 5 4 189080696 997221668 5
0 6
0 1
3 6
0 8
1 9
1 6
7 9
134258223 956498937 76730 113680073 6 127642076 642366257
0 0
0 4
2 6
5 5
0 5
0 1
1 2
0 6
1 6
1 8
931044419
0 0
0 0
0 0
0 0
0 0
0 0
0 0
0 0
1 6
85979
0 0
0 0
0 0
0 0
0 0
0 0
10 1
23067 83596 60289 1972250 6 47204 491937869 10 6 5
4 4
10 10
82397 24873 459823168 4 3293 1962 4 9 54788 4
0 1
2 3
1 3
8 9
0 5
0 8
4 8
7 9
6 7
1 2
9 10
6 1 853931243 928411913 8 8 610358980 34935 9
6 7
4 7
5 8
0 4
1 6
3 8
1 7
5 6
3 3
3 4
10 10
42042 5 26399 2 102751880 97137 10 714864992 861819541 71142
4 6
0 4
3 9
0 9
4 8
3 9
1 2
3 4
1 5
7 9
10 10
786972855 832365258 17581 289138040 63535 66701 1828 34831 88502 10
5 5
6 7
0 8
5 5
1 7
5 7
5 6
5 8
4 5
8 8
1 8
7
0 0
0 0
0 0
0 0
0 0
0 0
0 0
0 0
10 10
13569 6 4 914857976 959717673 55621 2 78909423 654842995 96291
0 4
5 7
3 6
0 1
5 6
3 5
0 1
0 2
3 5
2 8
5 2
15107 29475 4 88816172 426396458
1 2
1 3
1 6
6
0 0
0 0
0 0
0 0
0 0
0 0
7 3
72347 8616 9 14672 4186 4 542719881
0 4
3 3
3 6
2 6
9 611288926
0 1
0 0
0 1
0 0
0 1
0 1
10 7
17336 296737440 192428799 52772 627597775 403932444 39137 4 997991429 5
3 3
1 3
0 9
3 5
0 3
6 8
5 8
2 4
42849260 5
0 0
0 0
0 1
1 1
3 3
1000000000 32767 1
0 1
1 2
2 2
10 10
9 71549 34935 28644 99045 476042619 4 81836 9 774893044
1 4
7 8
3 3
5 9
4 8
4 7
7 8
7 9
2 9
3 7
1 9
43451
0 0
0 0
0 0
0 0
0 0
0 0
0 0
0 0
0 0
10 10
850815320 5 1 93893 94514 44011 73737430 98497802 8 5213
5 6
2 3
1 2
4 6
3 8
8 9
3 4
9 9
6 9
2 5
1 9
72384
0 0
0 0
0 0
0 0
0 0
0 0
0 0
0 0
0 0
8 1
5 8 6 66570 323886521 78093 311272598 66960090
3 3
10 1
3 8 56536 227085451 5 11459 5 4 1 5
8 9
10 10
2 64515 2 54905 6 8 476111687 53705 22313 14919
5 7
8 9
3 5
1 5
1 7
3 5
3 7
2 3
1 7
5 9
10 1
1 10 4 82706 304552459 10 57415 2734 942735884 4
7 8
6 4
10 23152 386793831 7 6 7
3 5
2 5
1 4
4 4
9 3
108296975 83652 581276515 6 35955 252738601 994265244 747883764 534071510
6 7
0 4
1 4
9 5
446140660 97358 451 754407478 9356 9 82750 71481 98012
3 8
1 6
5 7
7 8
4 7
6 8
16523 87723 74396 1 987953505 451004674
3 4
3 3
2 2
2 2
0 3
0 3
0 5
2 2
10 8
4 4 52588 9 4 6 373588858 39825 10 87213
4 4
8 9
0 1
4 6
5 8
9 9
3 8
7 7
3 4
1 10 4
1 2
0 1
0 2
1 1
3 5
823930321 1 660384800
2 2
0 1
2 2
1 1
0 2
1 1
1000000000
0 0
3 1
68095 348200689 4
0 2
1 10
6
0 0
0 0
0 0
0 0
0 0
0 0
0 0
0 0
0 0
0 0
1 10
3
0 0
0 0
0 0
0 0
0 0
0 0
0 0
0 0
0 0
0 0
2 9
1 7643
0 1
0 1
0 0
1 1
0 1
0 0
1 1
0 1
0 0
2 3
95391 1
0 0
1 1
0 1
5 10
19558 6 8 18726 106365252
0 1
1 2
1 3
2 4
1 2
2 3
0 1
0 4
2 3
3 4
3 2
1 2 3
0 1
1 2
10 4
20563 91138894 7 337011278 54532 9 975504061 796177978 283476109 9
1 9
3 9
0 4
1 7
8 4
7 4 1 65609654 110407010 163530790 43734 35554
4 7
0 5
3 6
2 5
9 2
651792686 1 5 86008 36717 867751315 256249537 79680 6
2 4
0 7
9 10
9 6 10 71768 247411196 437340669 86787 8 320360138
2 3
4 7
0 7
3 5
0 5
0 7
4 6
4 6
3 4
2 5
10 10
13217 367057115 32443 10502 11775710 8 648610352 947540690 578147163 318075499
2 5
5 9
0 9
0 7
3 5
9 9
7 7
7 8
4 8
4 4
5 7
8019 36673 10 484489796 6
1 4
1 3
0 2
3 4
0 3
1 4
2 3
4 3
71598 578122058 91532792 2104
2 3
1 2
0 3
9 4
220695033 57389 32104 725356287 7 9 74963 30025 47430
1 3
0 8
6 8
1 1
3 3
354353425 453523523 543557893
0 1
1 2
0 2
2 4
76030 78291
0 0
0 0
0 1
0 1
