100
6 3
7 613650351 71364 5 93166 10
3 4
1 2
1 2
2 9
7 74365
0 1
0 1
0 0
1 1
0 1
1 1
1 1
0 1
0 1
1 4
8
0 0
0 0
0 0
0 0
7 1
265199570 54788 129868556 207161100 45779 2 926223887
0 3
9 2
63061 62195 3 97586 6 6 6 44579 111146287
0 2
4 5
3 10
680311315 10 6
2 2
0 2
1 2
0 0
0 1
0 1
1 2
2 2
0 1
0 2
1 8
1
0 0
0 0
0 0
0 0
0 0
0 0
0 0
0 0
6 2
77738 604383717 767401335 5 8 595363179
2 3
0 0
5 3
2 212928128 5 194864252 94812
0 4
1 1
1 2
8 10
777562564 90665 9 45655 7 86354 376092131 24190
0 0
4 7
1 7
4 4
0 5
1 3
0 2
0 3
3 5
3 5
10 10
4 412372928 4 851720100 6 9 80873 10 193836452 10
1 9
3 7
0 2
1 9
1 5
0 6
2 3
7 7
4 8
8 9
5 5
18413 34114 4 16465 65463
1 4
1 2
1 2
0 1
3 4
2 6
1 638549367
0 0
1 1
0 1
0 1
0 0
1 1
10 10
838830080 68647 3 8 9 180495456 969904296 45113 498867594 21304
7 9
2 3
0 4
2 2
1 6
0 2
2 4
5 8
3 7
3 7
10 10
5 10 3 8 7 288117533 120518592 10 81665 2
6 8
4 5
4 6
6 8
1 5
2 4
6 9
1 3
4 9
1 7
9 5
85803 9 77861 86660 825679189 9 5 6 696705162
1 4
6 7
2 6
2 7
1 6
4 7
23973 920081172 89200 97501
0 3
1 1
0 2
1 2
0 0
0 2
0 3
4 6
110081086 836214290 8 566721043
0 1
2 3
1 3
0 1
2 3
0 3
7 3
617800404 5 11972 88846 18884 87564 50251
0 5
2 4
1 2
1 3
857987539
0 0
0 0
0 0
10 10
18171 7 3 11826 6 10461 4 7 3 862318467
0 3
0 8
1 5
3 9
3 3
5 5
0 9
1 2
1 3
0 3
10 10
35315 4 773878396 695439993 940897471 5 56568707 1 8 67955
0 3
5 9
2 4
2 7
6 8
1 4
4 7
1 7
0 6
5 8
10 10
12707575 341172829 226229415 17375 8 984843093 35032 118724223 20827 9
7 9
0 9
1 8
1 9
1 8
2 7
0 3
4 8
1 2
1 8
7 8
199883043 761 10 10 450027454 7053 9
5 5
1 5
3 5
0 4
0 5
3 4
3 4
1 6
7 1
10821 18880 7100278 5 9 1 4
2 4
1 1
1000000000
0 0
2 5
355490568 5674
0 0
0 0
0 1
0 1
0 1
5 8
89040 7 68043 683207501 85677
0 1
2 4
0 1
1 2
1 4
2 3
1 4
3 4
10 10
621835729 4 73392 11090 83467 486837237 3 46205 213352743 351993253
3 9
4 8
0 4
2 9
2 8
4 8
2 7
4 8
2 4
2 6
1 1
21908
0 0
7 7
589384280 39803 59859 45057 33122 957946357 46686
2 2
1 5
1 4
1 1
6 6
1 3
1 5
6 2
171898045 16511 6 246558393 654990287 45684
5 5
2 4
3 2
1 2 3
0 1
1 2
4 3
3 44698 8 857410620
0 1
1 3
2 2
10 10
96371 75562 815215131 75062 2 5 21522 56700 643107653 498331372
0 4
0 1
8 8
7 7
2 9
1 2
6 7
4 7
7 8
0 1
2 8
1 24592
0 1
1 1
0 1
0 1
0 1
0 1
0 1
0 0
10 3
33572 210319284 4 5 8 661242700 24824 9 10 18868496
2 9
5 9
2 6
2 2
1 4
0 0
0 1
3 10
70726 939564999 34653
0 2
0 2
0 0
0 1
0 2
1 2
0 1
0 2
0 2
1 2
1 8
59825
0 0
0 0
0 0
0 0
0 0
0 0
0 0
0 0
10 1
52479 3 828769757 92639 132607109 61343 5 5 1 296580392
9 9
5 7
3 14855 7 203232548 1
0 1
0 2
0 0
3 3
2 4
2 2
1 4
8 8
816627323 7 539266987 1 18233 4 4 455402859
0 6
4 4
6 6
0 4
4 7
2 3
3 6
0 3
3 7
291375374 934809811 44858
0 1
0 0
0 2
0 1
0 0
0 2
1 2
3 3
1000000000 32767 1
0 1
1 2
2 2
7 4
404699433 71713 618138688 10 4 279098634 2
2 6
3 4
1 2
5 6
6 3
9 5 928211218 9 10 296946036
0 4
1 2
5 5
8 6
24864 6 4 938971730 2724 10 67880 1
5 6
2 3
2 7
5 7
5 7
1 5
2 7
618336632 362198818
0 0
0 1
0 1
0 0
1 1
0 1
1 1
10 1
10 99502 874902062 396343953 51704 5 45367 6 8 362147849
2 8
10 10
4 53474 409200911 45885 7 540442173 10 46989 5 7
2 4
4 4
0 9
1 6
1 5
2 5
0 5
3 4
1 2
7 8
10 2
604835192 10 7 97855 88950 53689614 1 13495 89341 292983599
3 9
0 9
1 2
815058808
0 0
0 0
3 7
943330344 3 1995
1 2
2 2
1 1
1 2
0 0
0 1
1 1
9 7
69444 8 42975 343238848 399685189 81756 48788067 3 28360
3 5
3 6
2 5
5 8
0 0
2 7
0 4
2 8
5 4
1 1
0 1
1 1
0 1
0 1
0 0
0 1
0 1
7 4
3 6 30977 742742272 3 403432910 41227
2 2
3 6
1 1
3 5
10 10
83416 84788 34486 519019650 3 602758344 7 402830683 70164 59790
1 9
7 8
3 8
0 5
4 8
1 3
2 8
1 3
6 7
5 9
5 1
10 7 136853597 7 427819440
1 3
6 2
896241423 3 6 58124 650146995 72367092
1 4
1 2
4 8
10 84288 721635358 49924
0 1
0 3
0 3
2 3
3 3
0 1
1 2
0 0
1 10
14797
0 0
0 0
0 0
0 0
0 0
0 0
0 0
0 0
0 0
0 0
9 8
10 19095 974452523 1 84227 2 10 9 90645
2 4
4 8
4 5
3 8
4 4
6 7
0 7
4 7
10 10
72499 82733 95380 17937 726460870 34316 10 7 345803977 44825
3 9
6 8
0 7
0 8
4 9
4 9
5 6
3 8
0 6
4 5
10 10
92263 754843660 6 56818 394314233 98718 98868 9 97156 1
3 5
0 5
4 9
3 4
3 8
1 4
3 4
0 3
5 6
1 1
5 8
10857 631544914 52844 2 270331208
0 2
0 0
2 4
2 4
1 3
0 0
0 4
3 3
9 9
6 6 56772 5 69069 70641 15214 460393170 614680477
5 5
1 1
2 8
4 6
6 8
1 8
2 6
0 2
2 7
5 10
348985726 209037992 50290 49822 1
0 4
2 2
0 4
2 4
0 2
1 4
0 3
2 3
2 2
0 4
7 7
834442991 500884779 9554 81950 670570649 75065 168563106
1 2
3 4
2 3
1 3
5 6
2 2
2 6
3 9
883293370 785320498 93937
1 2
1 2
0 2
1 1
0 0
1 2
2 2
1 2
0 2
7 2
3 9 10 7 623204293 7 212913055
6 6
2 3
10 10
5 390169408 31093 440490960 6326 836078542 809380649 89554 6 283713520
7 8
5 5
0 7
0 2
1 5
1 8
3 8
5 9
0 7
2 5
6 3
28481 10857 823212688 704120985 54963 80499
0 1
2 4
3 5
6 9
34296 4745 381750270 50651 408646719 600896082
3 4
0 4
3 4
4 5
0 5
1 3
0 3
4 4
3 5
1 6
8518
0 0
0 0
0 0
0 0
0 0
0 0
3 5
942634584 9 584068553
1 1
0 1
0 0
0 0
0 2
5 10
4 139975039 1 986548288 30269
4 4
0 3
3 4
2 2
0 4
0 4
1 3
1 2
1 3
0 4
10 10
8 74299 906727044 759245384 5 631989412 13887 5 70602 1
1 7
1 8
8 8
0 5
2 5
5 8
8 9
0 2
6 9
1 4
1 8
59849
0 0
0 0
0 0
0 0
0 0
0 0
0 0
0 0
9 2
809269331 35975 9 66787 5841 61424 511328017 9 59467
2 8
0 8
10 10
783600221 52011 52709 8 838423290 15334 796148448 16044 80066 4
6 9
4 7
4 7
2 3
5 5
1 6
0 5
2 4
1 5
4 5
10 8
135024670 5 84884 692842453 30573 40177 66507 69152 28634 9
0 9
0 0
2 7
2 9
1 1
0 3
4 5
0 6
5 3
990940253 825111888 5 77397 230073391
2 4
1 1
1 1
9 7
799758440 5 6 60058 388814389 879582047 2 10 4
1 4
7 8
5 6
1 3
0 5
4 6
3 5
6 1
66551807 3 9 92828 1 8
5 5
9 8
932050014 66361 242418719 60978 67128 4 15845082 6 266092052
3 6
1 7
1 2
3 8
1 8
7 7
2 3
0 3
10 10
349403481 746630190 44679 9 655988747 10247 22267 520286200 7 544317525
7 9
3 5
2 9
1 4
3 6
0 2
1 4
1 8
9 9
1 2
10 10
69324 997300546 39818 6 88211 22248 7 1 7 579925533
0 1
2 6
0 5
3 4
0 3
2 3
7 8
1 9
6 8
3 8
5 6
897859769 3282 66457 79885 526407784
0 4
1 1
0 2
3 3
3 4
1 4
7 3
71672 780962665 487084167 5 35159 37296 9
0 5
4 6
3 5
4 5
348329336 35913 4 847646615
0 3
2 3
2 2
1 3
0 2
5 6
455370069 451735644 72828 52068 8
0 1
1 2
1 3
1 3
0 4
2 2
10 10
733041221 88624 91141 789254182 4 65837 24461 35087208 65831 32812
4 9
3 6
1 5
1 9
1 3
2 8
1 2
2 6
3 8
0 0
5 3
9 93421 3 839029854 567943876
0 4
2 3
2 3
1 1
210587847
0 0
7 6
95819 52658121 64135 1910 5 645438601 3
1 4
1 5
0 2
2 5
0 6
2 3
3 3
354353425 453523523 543557893
0 1
1 2
0 2
10 10
12034805 467009819 10 82986 199465868 6 2 7 3 53307
4 6
0 7
5 5
4 7
4 5
8 8
2 3
0 5
6 8
6 8
3 3
323981797 8 5
0 0
1 2
0 2
10 10
325051190 936498774 61117 55025 839218032 17148 48596 1 373941710 10
2 7
1 6
2 6
8 9
5 9
0 7
3 3
1 4
1 4
0 1
