100
727998687159471215
930840651814270000
71743451301225526
850835140190361405
465309877938239246
157416322515506788
897691711098176162
585168548843698706
911683228503199763
420286310269943121
10
837711702308213893
600057086585234239
816237392042459976
133054342240466487
436987029168450894
309923838119482374
85519522256609579
587935621261429352
129190836296716950
828330040665590496
855621623634612039
71266831721760640
931174259764207569
146844962451674578
492129918390650857
115695289778687551
171423877842879367
938638839509269038
972764818917285058
904116020178301839
939879840963659626
613339795101185074
911664781160687843
769692941557782288
513463336200632005
562949953421312
541959469492194302
979456924253972472
476972343439660342
105754461306999111
1
723549347447065005
60959168857421495
408972338192591049
902297113077509452
66088536089376400
966463739415876639
440963533991280149
34359738368
960525508261635201
816987033236487492
563764297597387109
674227305504091624
985160151157936533
452011429785657297
2199023255552
70812155261598956
300962450231726515
786255313099969770
927299155658831787
305511348347510307
984210210054687906
512400892679587630
232729563875783550
1
785016564019223055
529474441672063760
32768
350885810823768231
971240646025187290
71851421349301571
915577440672039269
479424177973751695
195766870256042304
417023279468070434
976392713891880134
978372932558005972
655550664828418142
5580102178021940
685157448794801896
941281362130780030
969120665847096957
325848753240150367
515126280971007737
860677830958189488
949025569697490371
967306895424741556
93193012435212705
829585789857915829
3
833202792796202822
2
138488220707162977
924900795738278665
9007199254740992
657182927036766872
836420654963778063
636329133751749529
488748676257940213
