100
55825
96870
92653
26473
99677
23024
58545
90573
4
16574
98976
90759
82538
10121
47325
31649
23567
98161
74619
92565
28346
84577
44725
51881
89318
98192
33552
22915
41918
57916
61257
79238
4491
10
98099
53181
8
94509
64953
60271
76636
82771
88014
6868
65708
16384
128
63535
11946
72275
93321
59356
94990
42689
9126
78674
24988
53052
10858
33609
64
46548
90843
59314
57690
4506
92550
95763
11278
2
1
90295
90377
2129
82964
22364
96066
83572
97254
77275
53240
91406
76259
3
42600
89719
41145
80866
99139
1028
93293
32
44140
87750
66207
33476
41714
84574
94558
38855
