100
36690
69056
98775
45535
98487
98276
93965
49114
46291
71104
83121
90371
53166
1024
39407
30964
8729
93599
98783
95335
62271
4585
16418
17612
99161
16832
90526
25224
55267
52222
92534
64
82790
1
85531
94903
30214
29143
16
92378
48244
97854
96913
92504
4
3
91638
403
97026
85016
96236
18553
43459
28303
13748
38074
92348
33334
59482
33736
64
74852
12690
64636
27767
89600
64986
47435
39523
88256
36958
49106
87881
80818
23742
93852
1269
1
2
59433
45363
59235
91555
20938
96894
97189
92032
92088
91534
92786
93324
20428
10
97865
26148
93468
4394
55694
98192
7087
