10
100 100
84 91 10
79 2 8
29 43 200
78 77 5
69 98 69
92 23 2
24 7 513
50 46 528
29 89 709
58 55 520
27 52 169
32 81 260
91 16 6
84 5 55
73 94 943
91 72 4
83 38 10
79 74 921
43 6 5
79 56 19
14 90 306
43 33 10
33 37 4
9 33 4
53 47 690
80 85 4
64 50 350
28 73 395
36 66 759
92 48 714
43 82 7
3 32 7
65 1 606
78 97 8
32 41 3
92 31 2
0 13 8
91 57 5
90 18 3
49 92 554
32 28 7
44 20 1
32 98 9
90 43 2
19 2 1
33 42 338
83 91 4
0 67 166
95 28 10
43 58 4
16 11 2
50 16 227
2 45 2
21 93 9
92 86 4
26 66 150
92 44 1
71 27 49
63 43 35
9 80 4
92 25 8
83 87 935
86 15 3
38 68 261
78 59 183
17 35 318
54 16 708
7 15 2
15 93 3
86 65 2
75 22 401
40 7 7
53 30 913
99 0 7
47 0 71
47 66 29
27 70 526
22 28 849
83 61 223
15 45 5
35 9 8
16 9 3
58 4 704
28 78 3
51 92 439
63 96 706
8 57 910
88 20 1
53 12 557
60 43 921
0 86 4
97 10 658
1 0 612
95 34 110
39 56 54
92 97 3
40 52 595
62 52 999
76 99 202
0 9 2
100 100
79 87 945
70 12 10
38 57 71
59 77 220
85 66 7
27 62 453
25 78 826
1 0 1009
28 73 699
44 96 8
47 81 8
40 31 309
95 97 8
5 56 8
67 20 3
20 39 969
29 11 7
0 88 678
72 49 9
75 82 872
66 25 2
20 99 6
20 53 5
18 12 728
18 43 381
61 54 184
76 51 981
92 85 291
0 42 821
54 13 424
97 28 8
82 84 4
84 0 9
85 35 3
8 65 5
25 84 5
96 86 6
6 11 9
86 45 714
5 30 666
22 49 649
0 3 8
7 12 360
89 55 10
3 24 533
55 58 319
28 76 6
55 80 250
54 86 3
81 25 10
81 50 221
89 15 8
23 84 7
62 21 6
87 77 757
32 83 540
17 90 831
60 99 137
47 14 839
1 94 987
71 97 3
31 89 202
67 0 4
36 58 606
8 74 8
96 56 7
66 10 217
62 65 9
6 23 4
69 55 318
8 17 560
37 69 868
74 34 789
81 68 1
9 19 982
41 47 8
93 99 200
86 4 292
16 47 7
52 40 831
41 2 975
67 72 8
79 70 10
0 86 3
98 20 271
19 67 9
64 74 23
6 95 3
48 85 213
23 15 4
85 32 4
63 46 244
57 26 744
91 56 4
66 33 236
50 46 831
3 57 5
62 91 4
79 44 2
19 94 9
100 100
93 42 6
24 61 18
64 48 8
5 72 1
70 92 60
54 41 530
12 48 8
91 28 171
68 11 575
38 20 7
75 92 221
31 79 3
33 41 123
0 37 1
55 1 305
74 10 724
21 24 3
97 48 10
3 43 808
5 16 3
77 0 1
24 66 1
23 71 581
19 31 6
6 24 36
12 57 5
77 25 3
19 69 9
22 91 395
25 89 34
61 14 780
86 98 356
82 24 3
49 35 781
58 48 771
41 29 305
84 50 908
81 91 2
47 90 705
82 3 1
56 39 720
59 71 9
32 13 854
85 12 804
1 0 323
48 66 4
39 42 692
94 37 6
80 50 370
93 40 6
19 59 5
68 34 10
0 15 124
7 90 203
50 62 5
18 62 719
44 49 372
6 63 688
48 5 1
66 0 1
26 62 1
97 36 338
16 4 2
75 53 355
93 77 9
48 46 484
55 50 4
76 72 6
88 87 619
75 38 9
20 66 10
83 99 524
4 30 495
71 2 415
32 12 10
65 57 610
0 7 9
34 17 6
62 77 7
99 49 1
19 26 1
99 38 3
78 69 3
0 60 221
0 17 3
9 77 650
25 73 5
33 34 327
26 91 2
80 95 227
52 45 689
37 88 10
86 66 331
10 78 450
27 82 6
45 24 998
21 67 823
8 88 723
37 96 7
22 51 321
100 100
1 0 573
27 16 537
79 34 791
97 54 774
83 96 5
41 91 1
41 4 5
0 96 8
4 13 188
66 24 28
66 87 4
44 55 4
68 71 63
49 8 492
76 82 4
38 30 896
53 48 821
26 52 379
45 66 676
11 55 76
81 17 222
62 13 946
31 3 737
37 25 7
94 98 7
72 46 3
31 29 8
7 19 594
90 27 5
55 96 4
27 6 8
20 51 8
29 56 5
46 66 5
22 79 947
28 5 311
86 99 600
66 36 611
46 92 830
66 20 9
59 41 784
66 0 5
40 49 4
45 2 336
76 27 4
62 74 768
69 96 33
21 43 894
7 46 7
91 66 2
23 65 826
93 16 922
70 88 944
73 91 6
63 91 5
42 88 429
77 74 283
49 31 3
57 27 35
66 79 6
78 39 7
83 27 1
38 46 2
50 98 3
97 9 1
67 71 746
60 40 635
85 63 457
66 80 1
92 14 7
32 82 364
97 95 126
82 64 2
75 56 129
12 40 8
72 28 518
12 99 3
27 88 9
25 17 9
66 35 1
6 84 762
10 96 292
33 91 7
18 96 615
49 37 1
58 99 2
9 0 10
30 89 465
71 0 6
47 73 705
15 0 645
49 52 1
53 55 9
21 60 675
29 96 5
61 54 358
1 35 566
78 96 6
98 29 8
90 23 5
100 100
96 41 599
6 51 2
38 77 207
76 33 2
88 99 782
92 11 10
91 86 9
24 21 33
2 67 84
24 72 6
75 18 955
73 14 763
98 5 598
51 36 1
47 85 5
32 40 74
22 52 59
18 66 580
90 34 8
24 2 2
42 63 940
94 56 10
10 60 6
3 71 560
83 66 10
28 58 10
83 50 7
19 64 936
16 26 8
33 0 3
13 66 171
28 63 2
0 43 5
52 50 432
66 6 3
29 58 685
56 59 97
31 66 18
30 49 543
93 62 854
34 84 4
60 98 724
11 12 9
60 36 1
27 79 885
86 64 3
97 28 707
44 66 10
0 48 2
17 92 769
35 62 649
46 93 42
23 65 885
80 8 904
23 76 8
96 47 398
71 74 868
51 53 5
30 88 9
93 87 845
86 8 3
57 44 4
66 55 4
22 81 432
9 0 7
94 36 6
91 26 2
48 82 648
88 54 445
88 85 7
91 39 2
33 94 2
1 72 423
32 38 176
9 85 4
8 71 6
25 97 519
23 69 720
0 28 9
20 18 939
3 15 432
72 95 229
45 53 215
51 8 10
27 33 2
70 33 151
0 1 451
58 32 4
92 33 4
56 7 7
2 34 7
62 66 382
88 89 780
78 42 479
36 2 9
68 90 219
33 4 7
61 90 959
64 37 144
73 34 5
100 100
64 7 10
92 85 99
41 95 250
78 96 6
89 44 755
10 53 37
36 1 763
60 62 10
0 71 9
30 23 7
5 51 825
23 6 264
42 72 201
77 90 865
31 88 9
35 73 7
37 3 574
85 59 865
11 57 608
41 7 1
70 99 290
86 26 267
45 71 115
8 18 453
20 38 2
47 81 940
30 50 8
74 71 3
70 0 7
53 96 446
69 15 775
8 53 71
32 40 6
14 2 424
96 0 9
26 7 8
31 49 3
35 19 911
27 46 161
12 71 206
43 74 518
42 36 253
32 39 612
96 29 171
80 7 8
98 96 4
96 5 9
15 50 3
3 66 572
63 23 4
41 67 786
48 61 273
65 70 6
91 30 9
52 68 3
89 21 2
94 3 702
22 67 392
27 73 121
84 41 1
67 14 305
28 5 666
79 0 2
94 33 269
91 9 8
71 92 3
97 50 434
16 91 7
93 5 7
65 11 740
58 96 4
70 13 303
77 23 521
40 47 913
3 26 199
17 54 781
9 89 10
52 5 7
76 80 266
5 31 8
20 83 8
49 55 1
26 61 89
0 1 808
62 73 6
88 75 3
56 96 8
41 24 3
2 25 482
83 98 8
87 84 261
54 55 7
40 58 10
62 15 3
31 91 8
58 26 10
64 36 3
74 82 1
17 34 99
4 18 149
100 100
60 13 9
26 72 195
47 80 5
7 27 8
27 61 8
70 58 2
86 76 914
28 91 561
35 0 9
32 21 3
10 26 9
50 16 1
26 13 9
36 74 7
84 55 3
43 97 857
89 18 484
94 76 25
8 41 79
8 98 3
1 85 508
23 70 433
74 57 4
29 99 610
81 49 512
75 88 7
90 86 6
27 25 9
82 71 270
70 46 5
50 85 6
90 0 6
26 52 10
51 64 290
70 63 6
32 83 6
79 89 1
8 63 4
56 4 41
6 95 317
62 11 242
27 55 9
62 57 1
0 81 763
21 77 933
6 20 8
92 53 366
65 9 350
7 15 4
68 38 859
85 59 394
3 17 10
86 17 4
54 90 753
99 75 7
69 75 19
92 87 685
0 1 520
0 52 9
12 20 266
44 80 152
44 40 457
5 75 57
71 10 5
48 58 74
2 25 474
6 27 1
74 75 9
74 0 10
0 67 574
93 0 342
71 39 14
47 75 9
21 90 4
56 9 2
74 33 114
2 73 227
14 0 6
86 96 815
14 97 9
87 74 6
75 51 1
0 8 7
98 30 503
88 37 981
17 66 335
63 45 616
71 34 4
52 85 2
27 21 1
60 19 694
37 78 622
26 89 5
93 31 249
38 97 307
42 80 590
9 90 8
24 99 213
29 28 152
22 16 871
100 100
65 80 5
79 29 686
55 89 220
7 44 25
69 51 310
3 62 825
25 31 94
0 35 10
28 98 764
77 72 7
47 1 581
11 67 1
51 32 33
21 57 11
64 71 399
77 40 6
95 75 7
69 62 887
8 36 6
23 86 2
53 83 3
80 74 565
61 9 956
23 8 1
65 35 3
87 62 852
83 89 226
44 30 211
16 56 649
93 55 517
95 59 347
49 48 9
94 0 3
17 13 55
43 46 526
52 59 901
41 11 985
20 83 4
67 79 3
19 84 952
88 68 266
2 10 642
58 8 958
51 47 5
47 37 1
4 46 2
51 53 10
94 95 2
7 15 10
10 5 2
70 48 113
24 33 122
5 78 305
91 7 3
79 43 1
77 34 3
27 99 314
9 55 612
99 43 636
24 88 870
13 19 3
53 45 6
85 40 896
92 53 10
53 88 3
11 83 2
26 45 9
45 77 8
97 54 910
44 73 29
83 55 5
38 71 7
58 22 377
26 63 5
6 51 277
7 37 8
66 13 1
48 81 982
12 59 483
0 82 56
38 8 9
31 23 151
34 50 2
75 96 4
42 51 3
10 42 9
41 60 414
78 18 754
11 19 10
37 28 71
43 39 3
42 90 9
83 95 2
1 14 164
0 76 10
8 94 7
38 16 10
36 21 7
54 13 532
11 48 10
100 100
91 39 5
48 70 1
53 24 4
42 44 928
52 69 878
76 5 739
72 98 665
15 66 6
25 72 340
2 34 266
57 27 128
54 75 89
77 33 52
89 28 739
76 34 2
61 4 492
51 65 2
41 72 4
9 61 663
58 34 338
0 12 6
83 44 4
17 27 1
43 60 809
34 17 6
43 94 4
86 65 5
80 34 8
23 10 3
20 82 365
96 66 692
96 22 545
71 76 860
67 55 893
3 14 586
27 51 10
8 49 405
41 29 9
45 65 230
91 44 8
20 51 6
7 0 8
0 16 7
89 95 623
39 90 6
54 40 302
36 24 6
21 52 452
92 27 632
19 56 8
93 3 663
10 26 472
37 75 139
30 73 6
10 30 5
62 34 10
70 29 4
70 77 966
1 32 281
27 97 8
3 19 281
15 76 6
24 0 3
27 88 117
10 38 291
68 78 5
32 39 1
55 66 3
55 8 466
56 70 10
1 0 308
62 84 876
99 15 648
59 35 339
72 11 866
76 81 2
73 18 242
32 73 5
12 68 8
59 13 354
61 8 972
74 32 1
70 59 6
50 78 533
6 44 571
44 54 892
95 87 208
0 17 9
79 68 476
53 31 9
47 59 5
90 64 395
48 0 6
89 0 8
85 89 8
27 63 1
48 44 7
46 36 891
7 43 6
69 94 3
100 100
94 92 3
69 5 4
13 98 4
38 69 273
35 69 280
74 12 673
2 94 9
65 36 246
83 19 2
33 88 66
67 62 1
84 37 2
84 44 7
84 7 586
96 5 204
13 57 748
98 51 5
19 25 4
93 0 4
97 43 459
11 19 9
41 10 7
73 63 923
15 40 3
0 59 2
59 95 208
21 83 5
49 25 5
30 70 7
16 28 642
26 1 194
54 37 423
66 18 822
55 34 856
87 86 988
52 45 495
50 73 426
8 86 722
72 76 10
72 6 127
0 37 10
93 92 2
88 47 672
56 61 757
40 4 7
5 0 5
60 53 921
17 85 550
28 5 102
22 84 6
90 98 2
17 27 961
70 26 10
15 0 9
36 98 10
77 38 136
28 24 523
80 59 1
40 31 148
83 81 647
67 15 7
18 83 956
0 0 1
42 89 9
76 33 754
84 64 6
98 86 1
28 32 365
74 72 3
55 84 9
78 25 6
44 14 1
98 20 960
82 44 323
53 0 833
29 71 788
56 80 5
73 87 455
79 12 373
3 0 647
69 58 674
31 23 266
67 48 5
25 44 1
74 75 756
12 45 728
91 43 3
46 56 512
14 70 2
76 15 6
55 39 143
71 0 3
91 48 7
42 44 7
79 68 254
36 41 8
71 98 5
9 49 673
99 5 467
84 85 5
