10
100 100
29 48 10
20 85 578
82 28 4
0 82 6
13 92 1
9 88 5
49 28 4
54 84 7
34 17 10
96 49 928
97 0 4
86 2 586
76 23 200
45 47 2
44 65 92
82 77 1
46 60 190
41 77 8
86 68 463
35 72 4
23 75 8
51 27 7
11 14 721
36 92 822
79 32 265
94 55 833
63 4 4
84 28 4
16 30 390
97 85 590
44 23 140
98 83 78
23 82 4
37 91 4
47 10 190
0 66 736
77 4 3
32 22 348
93 73 56
32 77 1
57 7 505
60 19 22
84 35 4
24 26 6
47 18 9
8 0 5
70 84 4
23 64 520
63 87 144
58 72 2
71 48 5
24 23 9
78 70 919
91 41 10
67 54 9
1 29 594
0 1 627
63 3 742
60 84 873
13 75 9
74 61 684
57 91 8
62 92 7
42 78 897
15 70 107
21 8 393
74 5 45
7 89 30
40 16 3
59 92 47
13 52 7
58 33 123
25 9 736
28 81 665
90 63 547
92 38 579
8 40 3
35 31 8
23 69 681
48 35 5
72 95 9
86 43 214
61 96 486
35 9 7
88 86 8
81 93 378
9 50 10
34 70 3
83 47 6
4 80 313
94 39 727
6 84 656
70 12 997
22 53 716
84 11 6
56 18 608
16 99 632
94 8 10
72 27 6
0 47 10
100 100
79 81 202
57 11 5
26 95 774
22 4 29
25 58 2
71 55 1
86 71 1
89 45 369
4 86 4
35 74 586
23 68 4
41 97 914
51 94 80
85 88 450
86 70 1
0 76 10
17 49 3
58 49 2
50 86 5
83 90 942
0 11 1
97 10 750
44 58 19
60 76 4
74 79 10
48 56 2
11 74 6
48 9 2
34 84 6
40 0 8
29 80 242
58 66 8
42 48 6
48 24 10
10 87 6
59 61 821
37 59 747
16 92 605
51 36 10
18 48 808
76 48 1
82 30 273
21 52 220
64 11 589
0 93 1
90 16 10
2 20 869
95 39 494
15 6 1
9 3 712
99 14 115
31 40 242
10 65 7
0 52 6
12 23 2
56 96 824
30 11 545
95 59 852
28 26 8
67 27 104
20 5 692
23 75 9
75 78 2
95 85 584
38 95 454
0 10 3
32 7 333
58 0 4
84 79 4
0 29 8
1 4 649
58 62 280
15 54 456
11 26 6
66 27 9
43 59 618
63 71 176
36 45 405
26 69 6
90 53 783
91 95 755
46 74 298
23 2 372
19 29 3
88 98 881
56 7 1
93 86 1
42 51 10
47 4 506
25 77 174
85 33 655
76 90 4
1 0 655
10 23 6
8 34 2
29 99 484
13 12 128
80 73 992
28 6 5
72 57 49
100 100
77 1 106
4 68 398
47 77 46
61 73 691
42 96 894
94 20 95
35 80 260
52 5 25
8 71 417
6 44 245
0 1 126
38 45 853
34 21 4
21 0 4
21 80 5
64 89 748
56 26 388
66 43 98
12 90 537
45 74 8
72 55 3
36 10 292
0 57 2
15 44 4
20 79 886
48 55 9
40 31 910
66 19 7
19 61 1
40 18 7
52 2 581
29 88 462
18 46 1
21 58 10
9 42 81
0 69 5
31 93 258
92 78 101
93 3 110
51 97 959
27 86 183
57 23 1
51 0 8
78 22 247
57 91 2
6 60 636
85 28 296
10 49 8
42 21 2
88 81 577
72 59 4
88 14 952
58 41 10
34 20 434
11 16 651
80 44 9
10 74 7
32 24 4
65 75 7
10 0 7
0 54 10
78 54 10
85 84 263
19 34 6
99 40 429
83 44 10
34 29 1
54 89 892
26 54 5
27 46 5
48 12 10
51 27 6
87 4 737
10 72 9
62 37 425
56 39 397
53 84 745
46 70 201
98 69 5
65 0 9
76 34 7
13 16 2
40 30 7
13 7 271
71 67 2
78 25 8
62 59 429
68 10 954
14 50 512
16 41 8
82 67 216
32 41 9
63 24 95
33 42 3
71 27 10
77 54 9
17 59 716
5 27 7
95 72 168
28 46 120
100 100
14 30 7
94 60 10
54 57 3
44 93 4
76 81 10
18 59 9
17 0 412
37 69 209
5 41 286
99 72 387
53 70 494
76 26 714
37 10 7
47 92 627
46 12 92
27 72 40
3 36 3
90 62 6
68 75 8
18 4 616
57 63 6
31 29 354
99 15 830
88 18 105
67 24 6
71 47 10
29 6 4
41 90 5
24 28 697
68 95 2
48 95 237
25 24 4
51 82 1
45 56 6
16 39 213
0 36 8
53 46 114
93 39 3
47 78 862
10 61 865
36 64 8
72 40 254
50 68 521
33 71 715
97 65 120
16 80 835
11 15 267
38 50 605
49 81 83
19 2 568
59 58 10
82 45 7
60 74 4
99 52 939
6 18 1
20 90 5
82 33 738
21 97 863
56 87 929
60 10 10
99 68 7
82 39 3
19 0 1
35 93 1
39 3 10
18 82 6
47 99 3
45 54 8
18 32 560
8 95 441
42 16 615
46 63 201
66 83 727
99 96 10
73 37 262
29 9 35
10 82 2
22 57 871
93 55 5
57 79 217
6 77 4
71 14 6
86 47 994
0 34 555
85 67 57
1 18 7
19 7 791
59 13 663
64 98 130
66 57 69
84 89 307
82 23 3
68 10 1
58 67 1
4 43 76
82 90 2
75 81 10
82 65 4
84 20 4
91 68 892
100 100
0 1 827
16 39 75
90 67 828
14 76 5
40 72 6
32 22 1
30 74 6
82 81 10
74 0 6
14 99 8
22 94 5
0 89 716
13 59 3
83 95 141
96 46 858
55 93 708
66 49 408
46 68 951
15 3 49
52 39 245
75 69 294
74 27 328
96 19 497
18 3 6
65 10 77
35 97 130
29 86 909
67 46 2
53 67 7
75 53 8
59 62 9
57 97 10
41 2 253
59 85 7
72 0 10
63 30 10
0 22 7
94 26 9
22 75 5
14 86 6
36 39 130
23 62 726
62 56 7
14 0 4
98 57 10
38 8 892
63 2 108
30 49 6
63 37 8
59 28 778
86 1 817
48 65 649
5 0 94
61 0 453
84 77 491
59 88 6
85 12 242
37 45 1
54 22 8
92 22 10
78 38 10
48 9 380
95 16 617
38 0 1
80 39 174
65 63 2
70 39 737
58 30 930
85 4 487
40 64 612
98 51 945
72 73 214
79 97 1
17 92 9
63 71 838
87 66 984
57 88 10
25 28 311
22 95 149
54 44 10
6 33 871
95 47 759
88 34 10
20 44 1
6 84 5
31 75 5
43 91 117
93 53 430
60 59 6
59 0 6
22 24 802
21 63 113
59 82 6
43 46 687
18 42 123
11 65 303
6 63 8
63 50 4
18 57 4
40 7 9
100 100
70 22 570
0 45 60
72 21 135
8 47 6
62 45 628
44 78 5
8 32 584
91 46 654
66 14 7
61 18 6
59 21 70
78 0 9
76 68 340
24 51 557
22 63 529
78 36 6
71 1 49
66 6 634
41 8 8
98 16 350
37 77 203
1 39 538
47 11 6
66 12 5
86 83 3
2 3 833
89 82 299
56 7 1
23 10 559
16 33 767
6 46 536
12 35 3
2 36 451
66 25 8
50 37 528
51 5 332
74 89 7
57 0 4
84 38 10
10 89 5
57 50 8
38 49 489
0 29 8
22 87 481
17 86 2
64 56 6
12 28 3
47 74 10
9 52 320
31 75 468
97 44 136
96 47 1
40 89 987
93 19 12
11 95 1
9 21 583
18 68 1
15 4 464
4 0 7
5 79 45
8 69 5
11 44 7
58 28 768
7 5 741
31 12 896
42 43 40
30 50 3
66 65 689
63 12 6
44 67 773
88 66 509
11 66 2
73 83 2
92 34 4
11 90 10
84 85 8
84 61 4
42 4 1
25 92 9
48 47 7
41 9 7
90 19 806
55 58 666
8 71 7
87 27 708
54 19 576
85 66 10
86 11 1
60 96 2
64 18 1
26 17 191
20 12 2
35 98 10
13 45 256
11 76 371
47 99 110
81 0 9
41 80 835
31 53 39
94 69 982
100 100
92 51 2
57 53 520
52 56 10
96 57 5
19 20 6
90 86 945
79 96 110
81 67 447
75 2 5
75 77 986
97 98 568
27 55 868
35 51 10
9 58 632
51 16 8
96 92 10
56 97 2
66 25 326
88 2 5
36 13 3
2 66 375
29 48 10
33 78 4
20 67 3
12 8 732
84 43 23
76 49 964
44 16 3
73 69 91
42 93 450
3 76 399
61 67 705
39 60 9
36 34 435
87 10 226
14 24 233
72 57 2
69 60 138
95 25 750
33 54 4
62 18 8
44 17 269
24 46 2
56 10 1
7 88 8
66 32 164
94 48 8
99 30 626
70 89 216
51 9 1
9 1 635
83 40 3
1 0 658
47 5 541
88 0 8
65 0 2
26 48 649
35 38 714
13 7 1
99 60 9
82 2 2
16 80 999
42 47 10
71 5 599
45 33 7
39 59 7
60 33 6
89 40 8
7 85 711
27 56 7
6 42 2
26 41 243
34 28 700
50 36 69
0 54 9
76 54 7
91 74 718
67 97 9
25 15 701
45 64 210
35 54 3
63 18 10
37 31 452
22 37 595
83 8 5
0 91 3
21 64 626
37 13 975
23 44 814
24 44 6
90 67 62
67 0 3
16 40 3
0 18 2
42 51 2
65 84 5
11 45 329
29 88 10
89 4 24
68 62 49
100 100
53 69 8
66 15 10
32 11 878
77 74 3
54 45 6
55 85 224
68 52 792
63 60 3
9 69 763
45 86 300
99 30 327
76 64 255
83 23 289
84 66 352
1 0 938
89 16 9
70 20 9
73 59 46
92 15 233
53 7 1
83 19 2
2 22 6
1 74 935
74 33 121
8 69 865
60 83 5
5 31 995
95 73 812
30 58 823
3 12 6
47 66 871
0 51 8
60 96 11
66 43 380
28 90 650
71 56 4
48 21 960
36 45 5
79 20 521
56 22 6
60 5 8
39 78 363
60 14 8
85 57 625
51 67 7
0 18 5
72 7 142
69 29 795
94 49 339
51 37 3
89 54 5
18 97 9
16 25 10
76 0 2
80 45 221
78 6 74
61 67 63
18 66 8
82 13 501
19 59 498
56 39 10
98 45 317
65 15 2
68 64 825
20 38 401
16 60 5
11 37 5
56 46 336
71 88 8
72 40 803
42 91 114
30 16 8
62 11 4
87 70 137
69 10 914
50 44 185
12 45 3
54 0 1
94 60 832
65 17 245
66 28 8
26 12 966
74 54 2
85 13 5
2 4 7
35 39 2
14 41 125
15 13 6
75 53 6
53 70 8
69 54 5
18 22 8
48 2 564
50 74 9
42 51 8
60 27 485
5 93 939
81 77 7
24 62 940
34 60 3
100 100
62 15 742
76 47 2
61 38 958
80 81 7
93 67 768
7 31 683
49 29 8
3 77 596
55 76 270
3 96 466
52 84 453
26 18 7
17 82 2
29 11 8
32 2 416
16 49 8
43 71 165
97 53 584
0 6 1
63 22 461
66 68 286
66 6 902
42 60 591
4 93 2
90 57 902
48 88 235
62 93 5
17 52 727
16 37 555
9 28 637
63 56 300
69 18 5
98 75 1
52 51 88
35 32 2
54 16 5
24 54 8
27 18 6
3 73 433
19 29 3
83 7 356
43 67 283
18 30 898
85 89 208
13 45 851
99 53 5
74 47 2
86 50 700
81 63 2
39 83 977
4 33 5
78 63 10
72 29 457
10 19 112
49 5 7
98 18 10
38 0 8
81 70 6
16 14 358
92 13 340
12 23 3
3 38 1
61 94 872
32 44 153
1 38 883
78 58 218
85 21 1
8 49 1
63 92 6
9 60 164
26 65 5
92 9 8
17 32 1
91 75 155
49 27 7
16 33 7
23 16 10
26 0 3
59 37 711
29 47 9
5 95 905
57 54 6
18 81 3
48 47 4
63 7 8
41 44 318
25 54 8
19 17 3
23 79 38
46 74 88
34 66 192
49 86 7
40 93 396
62 64 7
14 3 317
36 93 5
20 40 637
85 49 5
86 87 592
27 53 10
100 100
40 67 6
73 22 879
66 13 496
90 54 756
12 9 428
64 33 565
62 4 314
20 45 2
41 67 349
0 21 221
38 44 368
19 43 1
18 2 808
93 82 2
37 15 8
92 54 1
9 0 4
48 29 981
8 76 178
67 9 9
9 86 8
4 98 4
0 19 2
54 87 580
9 24 326
91 70 1
43 31 799
48 9 486
32 62 501
55 86 10
39 73 882
92 67 8
85 89 447
6 51 659
53 98 480
72 28 6
11 62 732
83 58 9
49 70 2
15 1 137
95 51 746
50 85 366
16 63 870
65 30 567
80 98 6
25 38 221
0 0 1
97 51 706
46 34 5
47 52 82
52 28 3
82 36 749
67 56 361
75 10 704
27 30 6
78 80 997
58 9 1
9 96 5
89 84 8
23 98 154
69 44 437
77 68 511
53 33 621
39 92 10
28 92 4
83 94 752
89 0 9
66 74 613
99 8 877
98 81 4
7 39 10
66 82 266
42 26 4
75 7 249
68 82 6
58 14 997
57 24 422
30 35 972
20 59 5
88 48 919
72 5 9
34 0 6
8 20 1
93 63 9
38 51 4
2 0 6
56 3 978
58 63 10
61 93 2
30 86 6
17 60 774
38 52 6
79 19 220
86 20 10
60 43 2
26 52 7
49 59 1
15 0 5
89 80 2
71 20 8
